3 1 9 8 4 12 14 19 15 21 13 3 4 14 17 7 5 2 14 C
9 18 2 14 1 9 7 71 0 12 17 13 3 2 5 91 14 T1 13 3
11 19 12 14 8 12 31 13 2 17 10 3 6 T2 9 19 21 12 14 5
3 10 13 T4 21 29 4 12 4 13 12 17 2 22 14 3 7 1 9 14
21 2 4 41 1 7 3 21 12 2 9 11 17 10 13 20 19 11 16 1
9 18 2 14 1 T3 7 71 0 12 17 13 3 2 5 91 14 T1 13 0
7 1 9 8 4 12 14 19 15 21 13 3 4 14 17 7 5 2 14 10
19 4 21 17 8 6 9 2 T2 11 3 4 7 17 9 12 1 T4 9 15
20 2 22 15 16 17 71 14 32 11 1 32 9 14 7 21 3 5 8 12
3 10 13 15 21 29 4 12 4 13 12 17 2 22 14 SL 7 1 9 14
3 9 12 14 6 28 7 T1 1 9 8 21 80 18 10 T3 1 7 6 15
32 2 4 41 1 7 3 21 12 2 9 11 17 10 13 20 19 11 14 1
5 2 22 15 16 17 71 14 32 11 1 12 9 14 7 21 3 5 8 12
7 1 9 8 4 12 14 19 15 21 13 3 4 14 17 7 5 2 T2 10
P 18 2 14 1 9 7 71 0 12 17 13 3 2 5 91 14 10 13 0
9 1 7 4 2 5 12 2 3 14 4 6 T3 6 9 12 1 14 16 10
14 5 4 21 23 7 17 1 0 9 1 8 1 91 11 12 121 19 21 1
2 1 4 SS 12 8 3 33 24 7 11 6 9 12 7 3 11 12 3 0
21 1 2 0 9 4 11 6 12 11 41 9 10 14 1 0 2 12 7 9
1 4 21 17 8 4 9 2 T2 11 3 4 7 17 9 12 4 T4 9 15