10 2 7 T1 8 4 6 12 7 10 2 6 3 17 9 8
4 1 8 2 14 9 12 8 6 2 4 3 12 4 T2 6
P T2 9 4 7 T2 1 15 13 18 10 4 1 6 2 3
7 3 T3 8 4 6 7 6 9 T2 10 5 7 2 T3 1
1 2 3 4 5 T1 7 9 10 11 T1 13 15 12 T1 1
8 2 5 9 T3 4 6 9 7 T2 1 4 22 12 9 3
SS 1 T2 8 1 8 5 7 4 8 12 2 SL 9 4 1
2 3 4 5 6 T4 8 10 11 12 2 10 4 5 T3 8
10 5 13 5 14 9 T2 4 5 7 21 13 8 T2 9 4
11 2 8 9 4 1 2 1 6 14 13 21 12 9 5 6
T1 9 8 3 6 T3 7 2 9 1 17 8 12 4 7 5
3 12 31 4 7 11 T2 7 3 8 1 3 9 14 3 5
2 4 5 6 8 6 4 12 3 T1 12 4 2 5 1 28
T3 5 14 8 1 15 2 4 7 5 T3 7 3 9 31 C
3 2 8 9 4 5 3 5 T2 8 4 9 16 18 2 19
1 2 7 6 5 9 12 8 9 T1 7 4 8 9 4 14